x= [-2] [-1.5] [-1] [-0.5] [0] [0.5] [1] 
Y= [-15] [-4.625] [0] [1.125] [1] [1.875] [6] 
f'=[28] [14.25] [5] [0.2500000000000002] [-1.1102230246251565E-16] [4.25] [13] 
IER=0
