X=[-2.5] [-1.2] [0] [0.5] [2.7] [3.8] [5.2] [10.25] [11.35] 
Y=[-14.625] [-0.728] [1] [1.125] [20.683] [55.872] [141.608] [1077.891] [1463.135] 
f''=[-15] [-7.2000001997459595] [8.3227483055337E-07] [2.999994819921456] [16.200012525584867] [22.799935206647934] [31.20022156329776] [61.49954021558545] [68.1] 
IER=0
