x= [-1] [-0.182] [0] [1] [2] [3] 
Y= [-3] [0] [1] [11] [33] [73] 
f'=[2.8851602678170813] [5.013698769184138] [6.0068313288893584] [14.998178312296172] [30.000455421925956] [51] 
IER=0
